{
    "fl_x": 428.7708740234375,
    "fl_y": 429.713134765625,
    "cx": 140.0,
    "cy": 252.0,
    "w": 280,
    "h": 504,
    "k1": 0,
    "k2": 0,
    "p1": 0,
    "p2": 0,
    "camera_model": "OPENCV",
    "frames": [
        {
            "file_path": "images/frame_00000.png",
            "depth_file_path": "depths/frame_00000.png",
            "normal_file_path": "normals_from_pretrain/frame_00000.png",
            "transform_matrix": [
                [
                    0.9081856910260733,
                    -0.026635397524137287,
                    -0.4177191945060083,
                    0.6140639932412139
                ],
                [
                    0.20926888351757467,
                    -0.835396712418053,
                    0.5082507599361143,
                    -0.29296087243466695
                ],
                [
                    -0.36249871332856776,
                    -0.5490017551070902,
                    -0.7531213587569184,
                    0.15745829042606285
                ],
                [
                    0.0,
                    0.0,
                    0.0,
                    1.0
                ]
            ]
        },
        {
            "file_path": "images/frame_00001.png",
            "depth_file_path": "depths/frame_00001.png",
            "normal_file_path": "normals_from_pretrain/frame_00001.png",
            "transform_matrix": [
                [
                    0.9764812667537677,
                    -0.09806914458984523,
                    -0.1920071017770987,
                    0.5285915814739276
                ],
                [
                    0.07071753796574634,
                    -0.6956083282300805,
                    0.7149321958033003,
                    -0.3173506134295509
                ],
                [
                    -0.2036745274444309,
                    -0.711696166910782,
                    -0.6723133389452772,
                    0.12655265576290486
                ],
                [
                    0.0,
                    0.0,
                    0.0,
                    1.0
                ]
            ]
        },
        {
            "file_path": "images/frame_00002.png",
            "depth_file_path": "depths/frame_00002.png",
            "normal_file_path": "normals_from_pretrain/frame_00002.png",
            "transform_matrix": [
                [
                    0.9512306986694241,
                    -0.17388951210615178,
                    -0.2547992444452646,
                    0.4865623855012401
                ],
                [
                    0.11071432035686435,
                    -0.5785053724120859,
                    0.8081299010393327,
                    -0.3090790845229196
                ],
                [
                    -0.2879280353333061,
                    -0.7969278846584371,
                    -0.5310400036520059,
                    0.06108507884068404
                ],
                [
                    0.0,
                    0.0,
                    0.0,
                    1.0
                ]
            ]
        },
        {
            "file_path": "images/frame_00003.png",
            "depth_file_path": "depths/frame_00003.png",
            "normal_file_path": "normals_from_pretrain/frame_00003.png",
            "transform_matrix": [
                [
                    0.8249270462502306,
                    -0.2303821414205751,
                    -0.516158362741497,
                    0.5573683284563639
                ],
                [
                    0.2915121977281205,
                    -0.6089534564303457,
                    0.7376966970199585,
                    -0.2720792279834439
                ],
                [
                    -0.48426854935611996,
                    -0.7590124453732674,
                    -0.43518291294158157,
                    0.03208217234118801
                ],
                [
                    0.0,
                    0.0,
                    0.0,
                    1.0
                ]
            ]
        },
        {
            "file_path": "images/frame_00004.png",
            "depth_file_path": "depths/frame_00004.png",
            "normal_file_path": "normals_from_pretrain/frame_00004.png",
            "transform_matrix": [
                [
                    0.6254225395765121,
                    -0.23717740319855063,
                    -0.7433663459285829,
                    0.5958238114319176
                ],
                [
                    0.4381592010554525,
                    -0.6815496318939305,
                    0.5860943040972443,
                    -0.22998907379557607
                ],
                [
                    -0.64564937255793,
                    -0.6922694119932168,
                    -0.3223350445353267,
                    -0.03060066805510278
                ],
                [
                    0.0,
                    0.0,
                    0.0,
                    1.0
                ]
            ]
        },
        {
            "file_path": "images/frame_00005.png",
            "depth_file_path": "depths/frame_00005.png",
            "normal_file_path": "normals_from_pretrain/frame_00005.png",
            "transform_matrix": [
                [
                    0.44283308695192486,
                    -0.24274740977234338,
                    -0.863117969586453,
                    0.5327044008370644
                ],
                [
                    0.5215431044298875,
                    -0.7132931931219672,
                    0.468194047222248,
                    -0.13170517232020154
                ],
                [
                    -0.7293091043086737,
                    -0.6574850125726591,
                    -0.18926657394945062,
                    -0.11683757116374116
                ],
                [
                    0.0,
                    0.0,
                    0.0,
                    1.0
                ]
            ]
        },
        {
            "file_path": "images/frame_00006.png",
            "depth_file_path": "depths/frame_00006.png",
            "normal_file_path": "normals_from_pretrain/frame_00006.png",
            "transform_matrix": [
                [
                    0.530773910668505,
                    -0.20599397034865846,
                    -0.8220982623735451,
                    0.40998651416677245
                ],
                [
                    0.47451172582071716,
                    -0.7314919004191072,
                    0.48965122887893786,
                    -0.022245938402847384
                ],
                [
                    -0.7022233260521398,
                    -0.64998939806382,
                    -0.2905103055315283,
                    -0.2496964562824912
                ],
                [
                    0.0,
                    0.0,
                    0.0,
                    1.0
                ]
            ]
        },
        {
            "file_path": "images/frame_00007.png",
            "depth_file_path": "depths/frame_00007.png",
            "normal_file_path": "normals_from_pretrain/frame_00007.png",
            "transform_matrix": [
                [
                    0.6622664595988049,
                    -0.11024530788764259,
                    -0.741113397744038,
                    0.43413834038692756
                ],
                [
                    0.4035739203258816,
                    -0.7808903317812672,
                    0.47680012008704775,
                    -0.05549159955619389
                ],
                [
                    -0.6312932567272349,
                    -0.6148627835396623,
                    -0.4726653582663548,
                    -0.16640968700489667
                ],
                [
                    0.0,
                    0.0,
                    0.0,
                    1.0
                ]
            ]
        },
        {
            "file_path": "images/frame_00008.png",
            "depth_file_path": "depths/frame_00008.png",
            "normal_file_path": "normals_from_pretrain/frame_00008.png",
            "transform_matrix": [
                [
                    0.653287021073599,
                    0.013675365011996739,
                    -0.7569867645247382,
                    0.4012217595412787
                ],
                [
                    0.3940158533038495,
                    -0.8599116960316001,
                    0.32450474977505733,
                    -0.11932155624681547
                ],
                [
                    -0.6465041036527431,
                    -0.5102595569686679,
                    -0.5671574796238479,
                    0.03056652564423401
                ],
                [
                    0.0,
                    0.0,
                    0.0,
                    1.0
                ]
            ]
        },
        {
            "file_path": "images/frame_00009.png",
            "depth_file_path": "depths/frame_00009.png",
            "normal_file_path": "normals_from_pretrain/frame_00009.png",
            "transform_matrix": [
                [
                    0.5215392298497616,
                    0.17650710941718387,
                    -0.834770668395636,
                    0.4976455484822804
                ],
                [
                    0.4833627919347889,
                    -0.8673498413561322,
                    0.11859450776720527,
                    -0.09631581602588331
                ],
                [
                    -0.7031054395342298,
                    -0.46534874434271106,
                    -0.537673925126263,
                    0.13312336111873474
                ],
                [
                    0.0,
                    0.0,
                    0.0,
                    1.0
                ]
            ]
        },
        {
            "file_path": "images/frame_00010.png",
            "depth_file_path": "depths/frame_00010.png",
            "normal_file_path": "normals_from_pretrain/frame_00010.png",
            "transform_matrix": [
                [
                    0.27313305705650404,
                    0.25928735061555264,
                    -0.9263738080157432,
                    0.43973422923794925
                ],
                [
                    0.5736189951028478,
                    -0.8169557979012351,
                    -0.05953537488315609,
                    -0.08279279775776704
                ],
                [
                    -0.7722431632938747,
                    -0.5151245108499645,
                    -0.3718697603923555,
                    0.18294670779625324
                ],
                [
                    0.0,
                    0.0,
                    0.0,
                    1.0
                ]
            ]
        },
        {
            "file_path": "images/frame_00011.png",
            "depth_file_path": "depths/frame_00011.png",
            "normal_file_path": "normals_from_pretrain/frame_00011.png",
            "transform_matrix": [
                [
                    0.23283154726590505,
                    0.37288123178612015,
                    -0.8981922162832192,
                    0.3853596173014365
                ],
                [
                    0.5740416557508924,
                    -0.7982130564892533,
                    -0.1825707887624368,
                    -0.05865160566432532
                ],
                [
                    -0.785026046285526,
                    -0.4730913959299945,
                    -0.39989848112664833,
                    0.22430386168486577
                ],
                [
                    0.0,
                    0.0,
                    0.0,
                    1.0
                ]
            ]
        },
        {
            "file_path": "images/frame_00012.png",
            "depth_file_path": "depths/frame_00012.png",
            "normal_file_path": "normals_from_pretrain/frame_00012.png",
            "transform_matrix": [
                [
                    0.3036354704936338,
                    0.6025504655837353,
                    -0.7380639795386199,
                    0.38725870450388106
                ],
                [
                    0.5843979084484116,
                    -0.7295901612725538,
                    -0.3552143752830224,
                    -0.05861873748044828
                ],
                [
                    -0.7525188163918769,
                    -0.32346734415327405,
                    -0.5736586643735091,
                    0.2313417289698019
                ],
                [
                    0.0,
                    0.0,
                    0.0,
                    1.0
                ]
            ]
        },
        {
            "file_path": "images/frame_00013.png",
            "depth_file_path": "depths/frame_00013.png",
            "normal_file_path": "normals_from_pretrain/frame_00013.png",
            "transform_matrix": [
                [
                    0.4786964002561754,
                    0.6733215287606829,
                    -0.5634606360775574,
                    0.38890600055782637
                ],
                [
                    0.6077146142010935,
                    -0.7172894286655292,
                    -0.34085014767995403,
                    -0.08574417955332522
                ],
                [
                    -0.6336660824997137,
                    -0.17925948383861393,
                    -0.7525512121875065,
                    0.2290559496660033
                ],
                [
                    0.0,
                    0.0,
                    0.0,
                    1.0
                ]
            ]
        },
        {
            "file_path": "images/frame_00014.png",
            "depth_file_path": "depths/frame_00014.png",
            "normal_file_path": "normals_from_pretrain/frame_00014.png",
            "transform_matrix": [
                [
                    0.7249089004502648,
                    0.5666102619516401,
                    -0.3917396367592339,
                    0.37811586068819497
                ],
                [
                    0.5079908916527833,
                    -0.8238175162093626,
                    -0.25153522244332427,
                    -0.1110207147702286
                ],
                [
                    -0.4652443758171603,
                    -0.01666002526307219,
                    -0.8850254550274625,
                    0.2641640340845868
                ],
                [
                    0.0,
                    0.0,
                    0.0,
                    1.0
                ]
            ]
        },
        {
            "file_path": "images/frame_00015.png",
            "depth_file_path": "depths/frame_00015.png",
            "normal_file_path": "normals_from_pretrain/frame_00015.png",
            "transform_matrix": [
                [
                    0.8449764337024044,
                    0.3519409727776564,
                    -0.4026814991378709,
                    0.4065214138193173
                ],
                [
                    0.32905534771774114,
                    -0.935690023690131,
                    -0.12730565856520923,
                    -0.12070908934640154
                ],
                [
                    -0.4215891483799466,
                    -0.024934230918535246,
                    -0.9064440976348083,
                    0.24436919890121794
                ],
                [
                    0.0,
                    0.0,
                    0.0,
                    1.0
                ]
            ]
        },
        {
            "file_path": "images/frame_00016.png",
            "depth_file_path": "depths/frame_00016.png",
            "normal_file_path": "normals_from_pretrain/frame_00016.png",
            "transform_matrix": [
                [
                    0.8589560675121397,
                    0.22418867156943456,
                    -0.46036277086474753,
                    0.44496803895090453
                ],
                [
                    0.29247544537532705,
                    -0.9527746092485135,
                    0.08172317438405834,
                    -0.12719722992183843
                ],
                [
                    -0.42030056642278374,
                    -0.20484143711555894,
                    -0.8839612327823281,
                    0.18312538565152145
                ],
                [
                    0.0,
                    0.0,
                    0.0,
                    1.0
                ]
            ]
        },
        {
            "file_path": "images/frame_00017.png",
            "depth_file_path": "depths/frame_00017.png",
            "normal_file_path": "normals_from_pretrain/frame_00017.png",
            "transform_matrix": [
                [
                    0.9084693764403751,
                    0.1469043353353993,
                    -0.3912830680629524,
                    0.41424006503258776
                ],
                [
                    0.2455766434990292,
                    -0.9451613595224209,
                    0.21531868361629897,
                    -0.112653326311813
                ],
                [
                    -0.33819439314347277,
                    -0.29170041592143486,
                    -0.8947264393440459,
                    0.10903879356331189
                ],
                [
                    0.0,
                    0.0,
                    0.0,
                    1.0
                ]
            ]
        },
        {
            "file_path": "images/frame_00018.png",
            "depth_file_path": "depths/frame_00018.png",
            "normal_file_path": "normals_from_pretrain/frame_00018.png",
            "transform_matrix": [
                [
                    0.9682574748128286,
                    0.08266781529422762,
                    -0.2358888227128187,
                    0.36510026419985453
                ],
                [
                    0.14416973037111736,
                    -0.9556314030202984,
                    0.256872887958676,
                    -0.09747943623907018
                ],
                [
                    -0.2041876670445536,
                    -0.28272711277196755,
                    -0.937215429217022,
                    0.07443970715882599
                ],
                [
                    0.0,
                    0.0,
                    0.0,
                    1.0
                ]
            ]
        },
        {
            "file_path": "images/frame_00019.png",
            "depth_file_path": "depths/frame_00019.png",
            "normal_file_path": "normals_from_pretrain/frame_00019.png",
            "transform_matrix": [
                [
                    0.9939288897591321,
                    0.03071140162245351,
                    -0.10565108892842497,
                    0.34387887666951816
                ],
                [
                    0.06448618820358956,
                    -0.9406366827687829,
                    0.33323287771435117,
                    -0.12550353038125728
                ],
                [
                    -0.08914523946862613,
                    -0.3380228208928245,
                    -0.9369064430713114,
                    0.02267233763620512
                ],
                [
                    0.0,
                    0.0,
                    0.0,
                    1.0
                ]
            ]
        },
        {
            "file_path": "images/frame_00020.png",
            "depth_file_path": "depths/frame_00020.png",
            "normal_file_path": "normals_from_pretrain/frame_00020.png",
            "transform_matrix": [
                [
                    0.9935406640987154,
                    -0.04552448636414574,
                    -0.10394435974215806,
                    0.3381937244281484
                ],
                [
                    0.022923809152026322,
                    -0.8165934275949607,
                    0.5767579152062413,
                    -0.14958319357677424
                ],
                [
                    -0.11113688508431512,
                    -0.5754152477243898,
                    -0.8102751803487688,
                    -0.03750462066803564
                ],
                [
                    0.0,
                    0.0,
                    0.0,
                    1.0
                ]
            ]
        },
        {
            "file_path": "images/frame_00021.png",
            "depth_file_path": "depths/frame_00021.png",
            "normal_file_path": "normals_from_pretrain/frame_00021.png",
            "transform_matrix": [
                [
                    0.982497637681423,
                    -0.08352334544578457,
                    -0.1664998216495125,
                    0.3593151062285085
                ],
                [
                    0.058565461112371014,
                    -0.7100049978804199,
                    0.7017571447829961,
                    -0.15298397818707754
                ],
                [
                    -0.17682879789008007,
                    -0.6992258782670084,
                    -0.6926866484705252,
                    -0.07186884282903325
                ],
                [
                    0.0,
                    0.0,
                    0.0,
                    1.0
                ]
            ]
        },
        {
            "file_path": "images/frame_00022.png",
            "depth_file_path": "depths/frame_00022.png",
            "normal_file_path": "normals_from_pretrain/frame_00022.png",
            "transform_matrix": [
                [
                    0.9207612293649411,
                    -0.10775314589791157,
                    -0.3749506646819785,
                    0.39980093813831785
                ],
                [
                    0.17212775406359546,
                    -0.7502887441245515,
                    0.6383093835488014,
                    -0.15248801093265502
                ],
                [
                    -0.35010114048997926,
                    -0.6522699158247772,
                    -0.6722894462090877,
                    -0.05625813506718516
                ],
                [
                    0.0,
                    0.0,
                    0.0,
                    1.0
                ]
            ]
        },
        {
            "file_path": "images/frame_00023.png",
            "depth_file_path": "depths/frame_00023.png",
            "normal_file_path": "normals_from_pretrain/frame_00023.png",
            "transform_matrix": [
                [
                    0.8518102825755293,
                    -0.006825492474234467,
                    -0.5238059963695886,
                    0.4502988547809672
                ],
                [
                    0.2462383797503726,
                    -0.8773453880859885,
                    0.41186372142620437,
                    -0.13843294529574124
                ],
                [
                    -0.46236992517652686,
                    -0.4798108798711682,
                    -0.7456510627192491,
                    -0.019950765910082265
                ],
                [
                    0.0,
                    0.0,
                    0.0,
                    1.0
                ]
            ]
        },
        {
            "file_path": "images/frame_00024.png",
            "depth_file_path": "depths/frame_00024.png",
            "normal_file_path": "normals_from_pretrain/frame_00024.png",
            "transform_matrix": [
                [
                    0.8005828103722714,
                    0.15323077112318273,
                    -0.5792992059503587,
                    0.4877855886342208
                ],
                [
                    0.31787518364992273,
                    -0.9281141471324489,
                    0.19380280837225414,
                    -0.0902311801567513
                ],
                [
                    -0.5079592333139142,
                    -0.3393000183569762,
                    -0.791740485244494,
                    0.0019594413119924446
                ],
                [
                    0.0,
                    0.0,
                    0.0,
                    1.0
                ]
            ]
        },
        {
            "file_path": "images/frame_00025.png",
            "depth_file_path": "depths/frame_00025.png",
            "normal_file_path": "normals_from_pretrain/frame_00025.png",
            "transform_matrix": [
                [
                    0.7883765879048897,
                    0.3307061927986383,
                    -0.5187443317054873,
                    0.47423102236593384
                ],
                [
                    0.3327320578754259,
                    -0.9384636031594185,
                    -0.0926035814456225,
                    -0.01760171537053724
                ],
                [
                    -0.5174472964427873,
                    -0.09959639788138289,
                    -0.849899291158562,
                    0.05114085981125947
                ],
                [
                    0.0,
                    0.0,
                    0.0,
                    1.0
                ]
            ]
        },
        {
            "file_path": "images/frame_00026.png",
            "depth_file_path": "depths/frame_00026.png",
            "normal_file_path": "normals_from_pretrain/frame_00026.png",
            "transform_matrix": [
                [
                    0.899332406177045,
                    0.306429756997546,
                    -0.31193270490787206,
                    0.2977117535932848
                ],
                [
                    0.27159506066359596,
                    -0.9505347264724223,
                    -0.15073100237349976,
                    -0.036590890184763344
                ],
                [
                    -0.3426913525588378,
                    0.050837882090632516,
                    -0.9380715255555205,
                    0.07481621872319828
                ],
                [
                    0.0,
                    0.0,
                    0.0,
                    1.0
                ]
            ]
        },
        {
            "file_path": "images/frame_00027.png",
            "depth_file_path": "depths/frame_00027.png",
            "normal_file_path": "normals_from_pretrain/frame_00027.png",
            "transform_matrix": [
                [
                    0.9803468150405371,
                    0.1407264464960726,
                    -0.13826136843154846,
                    0.10188581138280767
                ],
                [
                    0.13005084207331633,
                    -0.9879874080971008,
                    -0.08347256791810945,
                    -0.0010286931099470023
                ],
                [
                    -0.14834728234484076,
                    0.0638510558328328,
                    -0.9868718799558676,
                    0.04419738784338732
                ],
                [
                    0.0,
                    0.0,
                    0.0,
                    1.0
                ]
            ]
        },
        {
            "file_path": "images/frame_00028.png",
            "depth_file_path": "depths/frame_00028.png",
            "normal_file_path": "normals_from_pretrain/frame_00028.png",
            "transform_matrix": [
                [
                    0.9999997284937131,
                    0.00023703819680113273,
                    -0.0007164790894121923,
                    -0.0014454242598378763
                ],
                [
                    0.00023697170351956478,
                    -0.9999999948214007,
                    -9.288518634342465e-05,
                    0.00022611720227910958
                ],
                [
                    -0.0007165011333798095,
                    9.271536919214194e-05,
                    -0.9999997164485281,
                    -0.0002654674266136281
                ],
                [
                    0.0,
                    0.0,
                    0.0,
                    1.0
                ]
            ]
        },
        {
            "file_path": "images/frame_00029.png",
            "depth_file_path": "depths/frame_00029.png",
            "normal_file_path": "normals_from_pretrain/frame_00029.png",
            "transform_matrix": [
                [
                    0.9478677928134259,
                    -0.18629908153961638,
                    0.25853308146306675,
                    0.09525438102838715
                ],
                [
                    -0.18713998950742872,
                    -0.9820961616273131,
                    -0.021581928039764272,
                    -0.0013081932657273022
                ],
                [
                    0.2579249891499303,
                    -0.027925061378020824,
                    -0.9657612866149164,
                    0.012360079287684796
                ],
                [
                    0.0,
                    0.0,
                    0.0,
                    1.0
                ]
            ]
        },
        {
            "file_path": "images/frame_00030.png",
            "depth_file_path": "depths/frame_00030.png",
            "normal_file_path": "normals_from_pretrain/frame_00030.png",
            "transform_matrix": [
                [
                    0.869677620695805,
                    -0.22265763086757948,
                    0.44055014744276905,
                    0.19533854630196779
                ],
                [
                    -0.37088653071109956,
                    -0.8836942842675396,
                    0.28553035923971054,
                    -0.04218725283120137
                ],
                [
                    0.3257361394906973,
                    -0.41171347400474206,
                    -0.8511098429709103,
                    -0.037359778436982
                ],
                [
                    0.0,
                    0.0,
                    0.0,
                    1.0
                ]
            ]
        },
        {
            "file_path": "images/frame_00031.png",
            "depth_file_path": "depths/frame_00031.png",
            "normal_file_path": "normals_from_pretrain/frame_00031.png",
            "transform_matrix": [
                [
                    0.9389682905916291,
                    -0.06762693293098716,
                    0.3372908859491302,
                    0.1191990001485803
                ],
                [
                    -0.27226210520285216,
                    -0.7453987226315393,
                    0.6084851447608443,
                    -0.07386466133504266
                ],
                [
                    0.2102662218008639,
                    -0.6631797835757686,
                    -0.7183179648101001,
                    -0.1416301108377172
                ],
                [
                    0.0,
                    0.0,
                    0.0,
                    1.0
                ]
            ]
        },
        {
            "file_path": "images/frame_00032.png",
            "depth_file_path": "depths/frame_00032.png",
            "normal_file_path": "normals_from_pretrain/frame_00032.png",
            "transform_matrix": [
                [
                    0.9938025646744593,
                    -0.0876825344354316,
                    0.06832417593947789,
                    0.0760865796843256
                ],
                [
                    -0.10801921743861229,
                    -0.6167015927609367,
                    0.7797506011455625,
                    -0.05560817159893602
                ],
                [
                    -0.026234878625293275,
                    -0.7822984550346402,
                    -0.622351032820926,
                    -0.19311857231374197
                ],
                [
                    0.0,
                    0.0,
                    0.0,
                    1.0
                ]
            ]
        },
        {
            "file_path": "images/frame_00033.png",
            "depth_file_path": "depths/frame_00033.png",
            "normal_file_path": "normals_from_pretrain/frame_00033.png",
            "transform_matrix": [
                [
                    0.9681065809960704,
                    -0.1746436868706761,
                    -0.17963626896833862,
                    0.09676677056184964
                ],
                [
                    0.0433886896635499,
                    -0.5892963308416188,
                    0.806751166079403,
                    -0.0562256925793517
                ],
                [
                    -0.24675296213835088,
                    -0.788815279233269,
                    -0.5629240850185508,
                    -0.21011638884439807
                ],
                [
                    0.0,
                    0.0,
                    0.0,
                    1.0
                ]
            ]
        },
        {
            "file_path": "images/frame_00034.png",
            "depth_file_path": "depths/frame_00034.png",
            "normal_file_path": "normals_from_pretrain/frame_00034.png",
            "transform_matrix": [
                [
                    0.8597056371258502,
                    -0.2474285050560574,
                    -0.4468616116387631,
                    0.2049767055436651
                ],
                [
                    0.20287893573710652,
                    -0.6374715629577999,
                    0.7432833850477728,
                    0.0095353570395836
                ],
                [
                    -0.4687710678254595,
                    -0.7296637061686456,
                    -0.4978398868542697,
                    -0.3344245806646471
                ],
                [
                    0.0,
                    0.0,
                    0.0,
                    1.0
                ]
            ]
        },
        {
            "file_path": "images/frame_00035.png",
            "depth_file_path": "depths/frame_00035.png",
            "normal_file_path": "normals_from_pretrain/frame_00035.png",
            "transform_matrix": [
                [
                    0.7079984912091043,
                    -0.2661264774533131,
                    -0.65415194189786,
                    0.23286568267017643
                ],
                [
                    0.3362265959218788,
                    -0.6875416570059463,
                    0.6436133045910156,
                    0.09543645326819841
                ],
                [
                    -0.6210392509089389,
                    -0.6756205466918126,
                    -0.39729963745751823,
                    -0.4501827637834826
                ],
                [
                    0.0,
                    0.0,
                    0.0,
                    1.0
                ]
            ]
        },
        {
            "file_path": "images/frame_00036.png",
            "depth_file_path": "depths/frame_00036.png",
            "normal_file_path": "normals_from_pretrain/frame_00036.png",
            "transform_matrix": [
                [
                    0.5411921390939426,
                    -0.2716786203308388,
                    -0.7958026335065579,
                    0.10697974740165293
                ],
                [
                    0.4370992151519476,
                    -0.7175871733985274,
                    0.5422296574249915,
                    0.09304443394209881
                ],
                [
                    -0.718369959309467,
                    -0.6412951305563903,
                    -0.26960198371387867,
                    -0.4257264903941471
                ],
                [
                    0.0,
                    0.0,
                    0.0,
                    1.0
                ]
            ]
        },
        {
            "file_path": "images/frame_00037.png",
            "depth_file_path": "depths/frame_00037.png",
            "normal_file_path": "normals_from_pretrain/frame_00037.png",
            "transform_matrix": [
                [
                    0.31557740149649754,
                    -0.23200589331890145,
                    -0.9201000603361931,
                    0.0820441322774343
                ],
                [
                    0.5087216835096839,
                    -0.7771569787897427,
                    0.3704445900256585,
                    0.15521607320869762
                ],
                [
                    -0.8010075085734875,
                    -0.5849787662039082,
                    -0.12722678257672254,
                    -0.4992187846599396
                ],
                [
                    0.0,
                    0.0,
                    0.0,
                    1.0
                ]
            ]
        },
        {
            "file_path": "images/frame_00038.png",
            "depth_file_path": "depths/frame_00038.png",
            "normal_file_path": "normals_from_pretrain/frame_00038.png",
            "transform_matrix": [
                [
                    0.15338703933231004,
                    -0.059417489745591835,
                    -0.9863781774607149,
                    0.1515410587275976
                ],
                [
                    0.5399772762844701,
                    -0.8309405504208751,
                    0.1340235302009966,
                    0.2503569680503003
                ],
                [
                    -0.827585009677281,
                    -0.5531792426436034,
                    -0.0953713973790771,
                    -0.5722527831911276
                ],
                [
                    0.0,
                    0.0,
                    0.0,
                    1.0
                ]
            ]
        },
        {
            "file_path": "images/frame_00039.png",
            "depth_file_path": "depths/frame_00039.png",
            "normal_file_path": "normals_from_pretrain/frame_00039.png",
            "transform_matrix": [
                [
                    0.03208573310606059,
                    0.19991755800379388,
                    -0.979287251967996,
                    0.22513982135654334
                ],
                [
                    0.5721377029724588,
                    -0.8070558112681558,
                    -0.14601143463011274,
                    0.3127464889903321
                ],
                [
                    -0.8195296501773605,
                    -0.5556022149361435,
                    -0.14027536768993729,
                    -0.5969911322870316
                ],
                [
                    0.0,
                    0.0,
                    0.0,
                    1.0
                ]
            ]
        },
        {
            "file_path": "images/frame_00040.png",
            "depth_file_path": "depths/frame_00040.png",
            "normal_file_path": "normals_from_pretrain/frame_00040.png",
            "transform_matrix": [
                [
                    -0.004258244811103921,
                    0.5132234803051177,
                    -0.8582444764745879,
