{
    "fl_x": 405.50040108816967,
    "fl_y": 409.24230684552873,
    "cx": 360.0,
    "cy": 202.5,
    "w": 720,
    "h": 405,
    "k1": 0,
    "k2": 0,
    "p1": 0,
    "p2": 0,
    "camera_model": "OPENCV",
    "frames": [
        {
            "file_path": "images/frame_00000.png",
            "depth_file_path": "depths/frame_00000.png",
            "normal_file_path": "normals_from_pretrain/frame_00000.png",
            "transform_matrix": [
                [
                    0.058910247025785956,
                    0.09880599520356485,
                    0.9933614741247689,
                    0.3053627051560852
                ],
                [
                    0.19237877417498936,
                    -0.9775604571676686,
                    0.08582551073523471,
                    0.015233685625015201
                ],
                [
                    0.9795509294707931,
                    0.1860456484563674,
                    -0.07659650852916974,
                    -0.3378104775864168
                ],
                [
                    0.0,
                    0.0,
                    0.0,
                    1.0
                ]
            ]
        },
        {
            "file_path": "images/frame_00001.png",
            "depth_file_path": "depths/frame_00001.png",
            "normal_file_path": "normals_from_pretrain/frame_00001.png",
            "transform_matrix": [
                [
                    0.07365856732475808,
                    0.0749806056952897,
                    0.9944607587976306,
                    0.28330366108185256
                ],
                [
                    0.18998380871868048,
                    -0.9799634144428903,
                    0.05981564841237378,
                    0.016629958030747297
                ],
                [
                    0.9790201786043317,
                    0.18452550931286266,
                    -0.08642781199703777,
                    -0.3459261532510547
                ],
                [
                    0.0,
                    0.0,
                    0.0,
                    1.0
                ]
            ]
        },
        {
            "file_path": "images/frame_00002.png",
            "depth_file_path": "depths/frame_00002.png",
            "normal_file_path": "normals_from_pretrain/frame_00002.png",
            "transform_matrix": [
                [
                    0.08636342051869146,
                    0.03815573112720254,
                    0.9955327911985727,
                    0.26367089103522534
                ],
                [
                    0.18543562185821097,
                    -0.9824197237588951,
                    0.021566431567323248,
                    0.020785601146154343
                ],
                [
                    0.9788539500711892,
                    0.18274469444711164,
                    -0.09192057944612575,
                    -0.349569776076202
                ],
                [
                    0.0,
                    0.0,
                    0.0,
                    1.0
                ]
            ]
        },
        {
            "file_path": "images/frame_00003.png",
            "depth_file_path": "depths/frame_00003.png",
            "normal_file_path": "normals_from_pretrain/frame_00003.png",
            "transform_matrix": [
                [
                    0.10410503394961423,
                    -0.001121309514044875,
                    0.9945656909792815,
                    0.23682149614481393
                ],
                [
                    0.18372681340743136,
                    -0.9827669223392308,
                    -0.020339393872644742,
                    0.031440399948716266
                ],
                [
                    0.9774490597934128,
                    0.18484581615718754,
                    -0.10210493357900531,
                    -0.35850919034656736
                ],
                [
                    0.0,
                    0.0,
                    0.0,
                    1.0
                ]
            ]
        },
        {
            "file_path": "images/frame_00004.png",
            "depth_file_path": "depths/frame_00004.png",
            "normal_file_path": "normals_from_pretrain/frame_00004.png",
            "transform_matrix": [
                [
                    0.12090905427532891,
                    -0.053221415536499395,
                    0.9912357604121648,
                    0.21758562065814196
                ],
                [
                    0.18166814897446115,
                    -0.9805105034975636,
                    -0.07480509445839265,
                    0.041543819469417154
                ],
                [
                    0.9758983494957333,
                    0.1891206067169243,
                    -0.10888392626934107,
                    -0.37137026383687244
                ],
                [
                    0.0,
                    0.0,
                    0.0,
                    1.0
                ]
            ]
        },
        {
            "file_path": "images/frame_00005.png",
            "depth_file_path": "depths/frame_00005.png",
            "normal_file_path": "normals_from_pretrain/frame_00005.png",
            "transform_matrix": [
                [
                    0.1359059158142922,
                    -0.1066691209579255,
                    0.9849625650890418,
                    0.1977378461146146
                ],
                [
                    0.18377683908309994,
                    -0.9742181221985543,
                    -0.13086320653377204,
                    0.051157695320462084
                ],
                [
                    0.973527420395881,
                    0.19879838952410758,
                    -0.11279875170895784,
                    -0.3844185826163798
                ],
                [
                    0.0,
                    0.0,
                    0.0,
                    1.0
                ]
            ]
        },
        {
            "file_path": "images/frame_00006.png",
            "depth_file_path": "depths/frame_00006.png",
            "normal_file_path": "normals_from_pretrain/frame_00006.png",
            "transform_matrix": [
                [
                    0.1470598844620439,
                    -0.1631980122783603,
                    0.9755714740145848,
                    0.18038319420573307
                ],
                [
                    0.18792404052900602,
                    -0.9637207750681868,
                    -0.18954364450269695,
                    0.06306712631372875
                ],
                [
                    0.9711116320470332,
                    0.21120760282487266,
                    -0.11105585927141713,
                    -0.38670094277626194
                ],
                [
                    0.0,
                    0.0,
                    0.0,
                    1.0
                ]
            ]
        },
        {
            "file_path": "images/frame_00007.png",
            "depth_file_path": "depths/frame_00007.png",
            "normal_file_path": "normals_from_pretrain/frame_00007.png",
            "transform_matrix": [
                [
                    0.163672481469524,
                    -0.2240862592900546,
                    0.9607271524010137,
                    0.152626906244105
                ],
                [
                    0.1939582738770703,
                    -0.9475423699956432,
                    -0.25405429269747787,
                    0.07771861133866602
                ],
                [
                    0.9672598149556335,
                    0.22792269305959825,
                    -0.11162325889152135,
                    -0.36917261219315056
                ],
                [
                    0.0,
                    0.0,
                    0.0,
                    1.0
                ]
            ]
        },
        {
            "file_path": "images/frame_00008.png",
            "depth_file_path": "depths/frame_00008.png",
            "normal_file_path": "normals_from_pretrain/frame_00008.png",
            "transform_matrix": [
                [
                    0.18202661365449915,
                    -0.29016188087784145,
                    0.9395065852320502,
                    0.11251405091672888
                ],
                [
                    0.20192333808689797,
                    -0.9240752261823866,
                    -0.3245180981811055,
                    0.0986207843393199
                ],
                [
                    0.962337493588404,
                    0.24877924910299162,
                    -0.1096157935411995,
                    -0.33793308311891795
                ],
                [
                    0.0,
                    0.0,
                    0.0,
                    1.0
                ]
            ]
        },
        {
            "file_path": "images/frame_00009.png",
            "depth_file_path": "depths/frame_00009.png",
            "normal_file_path": "normals_from_pretrain/frame_00009.png",
            "transform_matrix": [
                [
                    0.1836485944826459,
                    -0.3535927818913635,
                    0.9171942445522723,
                    0.08731070600009223
                ],
                [
                    0.2067169230361758,
                    -0.8983069012759493,
                    -0.38770204461553665,
                    0.11746407345642335
                ],
                [
                    0.9610105605690036,
                    0.2608005029513186,
                    -0.09187917381396249,
                    -0.31113274374490524
                ],
                [
                    0.0,
                    0.0,
                    0.0,
                    1.0
                ]
            ]
        },
        {
            "file_path": "images/frame_00010.png",
            "depth_file_path": "depths/frame_00010.png",
            "normal_file_path": "normals_from_pretrain/frame_00010.png",
            "transform_matrix": [
                [
                    0.18736003112705743,
                    -0.4121923119413737,
                    0.8916241857903157,
                    0.06236873964295089
                ],
                [
                    0.21575473991910218,
                    -0.8682637844989475,
                    -0.44673021689661674,
                    0.13116272559234116
                ],
                [
                    0.9583037175802598,
                    0.27607154993287397,
                    -0.07374548455170701,
                    -0.2894158042708039
                ],
                [
                    0.0,
                    0.0,
                    0.0,
                    1.0
                ]
            ]
        },
        {
            "file_path": "images/frame_00011.png",
            "depth_file_path": "depths/frame_00011.png",
            "normal_file_path": "normals_from_pretrain/frame_00011.png",
            "transform_matrix": [
                [
                    0.19098725313574272,
                    -0.47102481820421027,
                    0.8611966251905782,
                    0.040192131544350904
                ],
                [
                    0.23106755464566434,
                    -0.8311177495474422,
                    -0.5058172891059183,
                    0.1477024159027659
                ],
                [
                    0.9540083117846722,
                    0.2955992397193025,
                    -0.049894328891659435,
                    -0.2701474206534126
                ],
                [
                    0.0,
                    0.0,
                    0.0,
                    1.0
                ]
            ]
        },
        {
            "file_path": "images/frame_00012.png",
            "depth_file_path": "depths/frame_00012.png",
            "normal_file_path": "normals_from_pretrain/frame_00012.png",
            "transform_matrix": [
                [
                    0.19868475854004441,
                    -0.5284545955796714,
                    0.8253848421845884,
                    0.009138812562372131
                ],
                [
                    0.2575332678264142,
                    -0.7844279420850339,
                    -0.5642245845860082,
                    0.1637229985574689
                ],
                [
                    0.9456220079362999,
                    0.324666842663748,
                    -0.019759206821748383,
                    -0.2491684686938988
                ],
                [
                    0.0,
                    0.0,
                    0.0,
                    1.0
                ]
            ]
        },
        {
            "file_path": "images/frame_00013.png",
            "depth_file_path": "depths/frame_00013.png",
            "normal_file_path": "normals_from_pretrain/frame_00013.png",
            "transform_matrix": [
                [
                    0.21194850496780487,
                    -0.5786386506832744,
                    0.7875628111946166,
                    -0.030973681353027045
                ],
                [
                    0.28030404573558976,
                    -0.73601848355764,
                    -0.6162032389962085,
                    0.1758917970857985
                ],
                [
                    0.9362198029978944,
                    0.35136041432442616,
                    0.006196721017458396,
                    -0.23265390775988765
                ],
                [
                    0.0,
                    0.0,
                    0.0,
                    1.0
                ]
            ]
        },
        {
            "file_path": "images/frame_00014.png",
            "depth_file_path": "depths/frame_00014.png",
            "normal_file_path": "normals_from_pretrain/frame_00014.png",
            "transform_matrix": [
                [
                    0.23873271247008687,
                    -0.6216536328882629,
                    0.746025097006043,
                    -0.07415628628168493
                ],
                [
                    0.2993480849130602,
                    -0.6837156434391659,
                    -0.6655251006346332,
                    0.18781644248326682
                ],
                [
                    0.9237951470370721,
                    0.38220377897290253,
                    0.02286559772311537,
                    -0.22564747503453336
                ],
                [
                    0.0,
                    0.0,
                    0.0,
                    1.0
                ]
            ]
        },
        {
            "file_path": "images/frame_00015.png",
            "depth_file_path": "depths/frame_00015.png",
            "normal_file_path": "normals_from_pretrain/frame_00015.png",
            "transform_matrix": [
                [
                    0.28487584041858416,
                    -0.6505027145454002,
                    0.7040539624636799,
                    -0.11431476858427388
                ],
                [
                    0.31217552248218755,
                    -0.6314867142130941,
                    -0.709768195788989,
                    0.203554962611709
                ],
                [
                    0.906306931555113,
                    0.4219842413884209,
                    0.02317575908097124,
                    -0.2208840228868018
                ],
                [
                    0.0,
                    0.0,
                    0.0,
                    1.0
                ]
            ]
        },
        {
            "file_path": "images/frame_00016.png",
            "depth_file_path": "depths/frame_00016.png",
            "normal_file_path": "normals_from_pretrain/frame_00016.png",
            "transform_matrix": [
                [
                    0.33337473733310896,
                    -0.6706927261014328,
                    0.6625952216576094,
                    -0.14699330596918572
                ],
                [
                    0.3179770164134818,
                    -0.5816339511241834,
                    -0.7487272927512792,
                    0.22558771028575647
                ],
                [
                    0.8875539037898432,
                    0.46029683515274167,
                    0.01936283356312631,
                    -0.21918806974785388
                ],
                [
                    0.0,
                    0.0,
                    0.0,
                    1.0
                ]
            ]
        },
        {
            "file_path": "images/frame_00017.png",
            "depth_file_path": "depths/frame_00017.png",
            "normal_file_path": "normals_from_pretrain/frame_00017.png",
            "transform_matrix": [
                [
                    0.39702744763461134,
                    -0.6725777123787658,
                    0.6245066474935335,
                    -0.16417269273144455
                ],
                [
                    0.3148503025063341,
                    -0.5393361035896792,
                    -0.7810159043062822,
                    0.2382172186175898
                ],
                [
                    0.862112829770456,
                    0.5067108232225456,
                    -0.002369923771177527,
                    -0.19202690657184213
                ],
                [
                    0.0,
                    0.0,
                    0.0,
                    1.0
                ]
            ]
        },
        {
            "file_path": "images/frame_00018.png",
            "depth_file_path": "depths/frame_00018.png",
            "normal_file_path": "normals_from_pretrain/frame_00018.png",
            "transform_matrix": [
                [
                    0.473145779208012,
                    -0.6556169671658931,
                    0.5884720735744193,
                    -0.1702835463469816
                ],
                [
                    0.30750328416460765,
                    -0.5030578639001746,
                    -0.8076970255956913,
                    0.2507031246632712
                ],
                [
                    0.8255753445940199,
                    0.5631155883126342,
                    -0.03641530172206221,
                    -0.15258579970594352
                ],
                [
                    0.0,
                    0.0,
                    0.0,
                    1.0
                ]
            ]
        },
        {
            "file_path": "images/frame_00019.png",
            "depth_file_path": "depths/frame_00019.png",
            "normal_file_path": "normals_from_pretrain/frame_00019.png",
            "transform_matrix": [
                [
                    0.5416577961395852,
                    -0.6237329362969164,
                    0.5635283323561772,
                    -0.170386119453085
                ],
                [
                    0.2969302981951799,
                    -0.48520035579926546,
                    -0.8224433808108925,
                    0.2605493033460874
                ],
                [
                    0.7864091020273848,
                    0.6128115382324213,
                    -0.07760735588404019,
                    -0.09363869453590165
                ],
                [
                    0.0,
                    0.0,
                    0.0,
                    1.0
                ]
            ]
        },
        {
            "file_path": "images/frame_00020.png",
            "depth_file_path": "depths/frame_00020.png",
            "normal_file_path": "normals_from_pretrain/frame_00020.png",
            "transform_matrix": [
                [
                    0.5873992915460362,
                    -0.5889731200256113,
                    0.5550429688304012,
                    -0.169264497974638
                ],
                [
                    0.2857851884166735,
                    -0.4906918541955466,
                    -0.8231331690867761,
                    0.2622071900492974
                ],
                [
                    0.7571584595065619,
                    0.6421308703915675,
                    -0.11991224308690075,
                    -0.050712537794681795
                ],
                [
                    0.0,
                    0.0,
                    0.0,
                    1.0
                ]
            ]
        },
        {
            "file_path": "images/frame_00021.png",
            "depth_file_path": "depths/frame_00021.png",
            "normal_file_path": "normals_from_pretrain/frame_00021.png",
            "transform_matrix": [
                [
                    0.6310047099449849,
                    -0.5414566570974796,
                    0.5555697494436558,
                    -0.1640077198532653
                ],
                [
                    0.2791320000193411,
                    -0.5097175618869514,
                    -0.8138018231246766,
                    0.2618764047506388
                ],
                [
                    0.7238220311799073,
                    0.6685901489958067,
                    -0.1704963693709576,
                    -0.02176428408988473
                ],
                [
                    0.0,
                    0.0,
                    0.0,
                    1.0
                ]
            ]
        },
        {
            "file_path": "images/frame_00022.png",
            "depth_file_path": "depths/frame_00022.png",
            "normal_file_path": "normals_from_pretrain/frame_00022.png",
            "transform_matrix": [
                [
                    0.6784416952011267,
                    -0.49074780235704385,
                    0.5467023871949309,
                    -0.14751391452510457
                ],
                [
                    0.2756544495423235,
                    -0.5197447816153163,
                    -0.8086284826707341,
                    0.2594790086965048
                ],
                [
                    0.6809783423665365,
                    0.6993082766083445,
                    -0.21733970572963943,
                    -0.008218895933463293
                ],
                [
                    0.0,
                    0.0,
                    0.0,
                    1.0
                ]
            ]
        },
        {
            "file_path": "images/frame_00023.png",
            "depth_file_path": "depths/frame_00023.png",
            "normal_file_path": "normals_from_pretrain/frame_00023.png",
            "transform_matrix": [
                [
                    0.7405258385132939,
                    -0.42715630644223423,
                    0.518805425025842,
                    -0.12027365168616913
                ],
                [
                    0.26450327079729846,
                    -0.5244279513523906,
                    -0.8093289991363042,
                    0.24934512537704243
                ],
                [
                    0.6177860475915969,
                    0.7365548077757854,
                    -0.2753681645419685,
                    -0.005980179960131359
                ],
                [
                    0.0,
                    0.0,
                    0.0,
                    1.0
                ]
            ]
        },
        {
            "file_path": "images/frame_00024.png",
            "depth_file_path": "depths/frame_00024.png",
            "normal_file_path": "normals_from_pretrain/frame_00024.png",
            "transform_matrix": [
                [
                    0.8211023685738269,
                    -0.3336333076606307,
                    0.4631195880374019,
                    -0.08255783944346602
                ],
                [
                    0.2500854746413216,
                    -0.5190627039137308,
                    -0.8173317896465416,
                    0.24311539262521867
                ],
                [
                    0.5130771797370437,
                    0.7869324736027674,
                    -0.34276671422769545,
                    -0.012932465673915046
                ],
                [
                    0.0,
                    0.0,
                    0.0,
                    1.0
                ]
            ]
        },
        {
            "file_path": "images/frame_00025.png",
            "depth_file_path": "depths/frame_00025.png",
            "normal_file_path": "normals_from_pretrain/frame_00025.png",
            "transform_matrix": [
                [
                    0.8866948934043501,
                    -0.23610096152590745,
                    0.39752796390623035,
                    -0.049452833537277044
                ],
                [
                    0.2315826180848108,
                    -0.5173726153377136,
                    -0.8238295064894221,
                    0.24328939751217624
                ],
                [
                    0.40017701202826,
                    0.8225459936378556,
                    -0.4040747771463339,
                    -0.017662364670889965
                ],
                [
                    0.0,
                    0.0,
                    0.0,
                    1.0
                ]
            ]
        },
        {
            "file_path": "images/frame_00026.png",
            "depth_file_path": "depths/frame_00026.png",
            "normal_file_path": "normals_from_pretrain/frame_00026.png",
            "transform_matrix": [
                [
                    0.9412569781356029,
                    -0.13173309343266013,
                    0.31093674283320966,
                    -0.013078048995387854
                ],
                [
                    0.19833018288945087,
                    -0.5295853279873406,
                    -0.824745149942384,
                    0.2443829742589627
                ],
                [
                    0.27331380118913384,
                    0.837965277030574,
                    -0.47234923178386,
                    -0.021689296311863636
                ],
                [
                    0.0,
                    0.0,
                    0.0,
                    1.0
                ]
            ]
        },
        {
            "file_path": "images/frame_00027.png",
            "depth_file_path": "depths/frame_00027.png",
            "normal_file_path": "normals_from_pretrain/frame_00027.png",
            "transform_matrix": [
                [
                    0.9766701674267471,
                    -0.024643049668512967,
                    0.2133263344588044,
                    0.028113691743963918
                ],
                [
                    0.16531023317659313,
                    -0.5477939240489453,
                    -0.8201185425412701,
                    0.23926716318418248
                ],
                [
                    0.13706909440195975,
                    0.8362503602193938,
                    -0.5309402263987587,
                    -0.025625234879210416
                ],
                [
                    0.0,
                    0.0,
                    0.0,
                    1.0
                ]
            ]
        },
        {
            "file_path": "images/frame_00028.png",
            "depth_file_path": "depths/frame_00028.png",
            "normal_file_path": "normals_from_pretrain/frame_00028.png",
            "transform_matrix": [
                [
                    0.9898515594408683,
                    0.0729111473020209,
                    0.1219746732132502,
                    0.0612117596656304
                ],
                [
                    0.14162670892173534,
                    -0.5765327006443957,
                    -0.8047061034017468,
                    0.22823945894264352
                ],
                [
                    0.011650340602416081,
                    0.8138144859185401,
                    -0.5810080013679553,
                    -0.038012125344947134
                ],
                [
                    0.0,
                    0.0,
                    0.0,
                    1.0
                ]
            ]
        },
        {
            "file_path": "images/frame_00029.png",
            "depth_file_path": "depths/frame_00029.png",
            "normal_file_path": "normals_from_pretrain/frame_00029.png",
            "transform_matrix": [
                [
                    0.9878386686268754,
                    0.14822338064093307,
                    0.04695291740309874,
                    0.0827029974004492
                ],
                [
                    0.12969877904352892,
                    -0.6190098795990376,
                    -0.7745999016078937,
                    0.2102550783901537
                ],
                [
                    -0.0857494940674257,
                    0.7712694646239167,
                    -0.6307062459653971,
                    -0.05133074254307486
                ],
                [
                    0.0,
                    0.0,
                    0.0,
                    1.0
                ]
            ]
        },
        {
            "file_path": "images/frame_00030.png",
            "depth_file_path": "depths/frame_00030.png",
            "normal_file_path": "normals_from_pretrain/frame_00030.png",
            "transform_matrix": [
                [
                    0.981329577408097,
                    0.19224843884993204,
                    -0.0057285312299652285,
                    0.08887118834346468
                ],
                [
                    0.12747847838391382,
                    -0.6724373624801407,
                    -0.7290934799856492,
                    0.1881167471689869
                ],
                [
                    -0.14401914986752082,
                    0.7147506988076583,
                    -0.6843901692288983,
                    -0.05761722567302875
                ],
                [
                    0.0,
                    0.0,
                    0.0,
                    1.0
                ]
            ]
        },
        {
            "file_path": "images/frame_00031.png",
            "depth_file_path": "depths/frame_00031.png",
            "normal_file_path": "normals_from_pretrain/frame_00031.png",
            "transform_matrix": [
                [
                    0.9761068268166254,
                    0.21270746006902322,
                    -0.04439529422489523,
                    0.08604337803184776
                ],
                [
                    0.12969198257840991,
                    -0.7342374785937671,
                    -0.6663896786843476,
                    0.16379226249354464
                ],
                [
                    -0.17434276644117874,
                    0.6447098961429386,
                    -0.744280754268697,
                    -0.057021856795185094
                ],
                [
                    0.0,
                    0.0,
                    0.0,
                    1.0
                ]
            ]
        },
        {
            "file_path": "images/frame_00032.png",
            "depth_file_path": "depths/frame_00032.png",
            "normal_file_path": "normals_from_pretrain/frame_00032.png",
            "transform_matrix": [
                [
                    0.9745637774716562,
                    0.21313485702293175,
                    -0.06927462283350931,
                    0.0806480357165523
                ],
                [
                    0.13261814270325,
                    -0.7976375990702983,
                    -0.5883762898297461,
                    0.14622437286499518
                ],
                [
                    -0.18065954531016187,
                    0.5642231186176201,
                    -0.8056142716362539,
                    -0.05351464390343074
                ],
                [
                    0.0,
                    0.0,
                    0.0,
                    1.0
                ]
            ]
        },
        {
            "file_path": "images/frame_00033.png",
            "depth_file_path": "depths/frame_00033.png",
            "normal_file_path": "normals_from_pretrain/frame_00033.png",
            "transform_matrix": [
                [
                    0.9746294467404191,
                    0.2061681093352389,
                    -0.08713319299409501,
                    0.0815273330479259
                ],
                [
                    0.13727564321208738,
                    -0.8580801057693714,
                    -0.4948271931873773,
                    0.13055970514664897
                ],
                [
                    -0.17678485990206239,
                    0.4703118616463106,
                    -0.8646119586715239,
                    -0.05422884387447543
                ],
                [
                    0.0,
                    0.0,
                    0.0,
                    1.0
                ]
            ]
        },
        {
            "file_path": "images/frame_00034.png",
            "depth_file_path": "depths/frame_00034.png",
            "normal_file_path": "normals_from_pretrain/frame_00034.png",
            "transform_matrix": [
                [
                    0.9760991626874802,
                    0.18992687478003728,
                    -0.10563226608534468,
                    0.08538829627020611
                ],
                [
                    0.13382279844705539,
                    -0.9082529021967953,
                    -0.396444288297086,
                    0.11489112779569223
                ],
                [
                    -0.1712362425985964,
                    0.3728329226107546,
                    -0.9119614724947112,
                    -0.053792169480668374
                ],
                [
                    0.0,
                    0.0,
                    0.0,
                    1.0
                ]
            ]
        },
        {
            "file_path": "images/frame_00035.png",
            "depth_file_path": "depths/frame_00035.png",
            "normal_file_path": "normals_from_pretrain/frame_00035.png",
            "transform_matrix": [
                [
                    0.9768298341521231,
                    0.17377624505748687,
                    -0.12492092856346036,
                    0.08725016878110699
                ],
                [
                    0.12944755151453075,
                    -0.9445606213625172,
                    -0.3017426153183618,
                    0.09627626853516595
                ],
                [
                    -0.17043108325289055,
                    0.2785804584999349,
                    -0.9451699004481235,
                    -0.055015941720057755
                ],
                [
                    0.0,
                    0.0,
                    0.0,
                    1.0
                ]
            ]
        },
        {
            "file_path": "images/frame_00036.png",
            "depth_file_path": "depths/frame_00036.png",
            "normal_file_path": "normals_from_pretrain/frame_00036.png",
            "transform_matrix": [
                [
                    0.9784740786966791,
                    0.15782596968517384,
                    -0.13296404842584986,
                    0.08537596466130529
                ],
                [
                    0.12552397137346244,
                    -0.96656950848307,
                    -0.22357791689008194,
                    0.08150369744890125
                ],
                [
                    -0.16380540015234551,
                    0.20207502305043712,
                    -0.9655741943462088,
                    -0.052571341439060705
                ],
                [
                    0.0,
                    0.0,
                    0.0,
                    1.0
                ]
            ]
        },
        {
            "file_path": "images/frame_00037.png",
            "depth_file_path": "depths/frame_00037.png",
            "normal_file_path": "normals_from_pretrain/frame_00037.png",
            "transform_matrix": [
                [
                    0.9802222502862886,
                    0.14564635658737068,
                    -0.13398299821453827,
                    0.08462751497223364
                ],
                [
                    0.12309278451428209,
                    -0.9788349320503277,
                    -0.1634941793700108,
                    0.06741380936707454
                ],
                [
                    -0.15495958070556703,
                    0.14376828037853198,
                    -0.9774038013528785,
                    -0.04766582568403655
                ],
                [
                    0.0,
                    0.0,
                    0.0,
                    1.0
                ]
            ]
        },
        {
            "file_path": "images/frame_00038.png",
            "depth_file_path": "depths/frame_00038.png",
            "normal_file_path": "normals_from_pretrain/frame_00038.png",
            "transform_matrix": [
                [
                    0.9843498997558092,
                    0.12679003630310084,
                    -0.12239123700825223,
                    0.0809914201216169
                ],
                [
                    0.11186323212574527,
                    -0.9862090014625146,
                    -0.12197700008484676,
                    0.05693071318801553
                ],
                [
                    -0.1361688071553842,
                    0.10637697128564758,
                    -0.9849578565314075,
                    -0.042517978545333505
                ],
                [
                    0.0,
                    0.0,
                    0.0,
                    1.0
                ]
            ]
        },
        {
            "file_path": "images/frame_00039.png",
            "depth_file_path": "depths/frame_00039.png",
            "normal_file_path": "normals_from_pretrain/frame_00039.png",
            "transform_matrix": [
                [
                    0.9888116718571177,
                    0.11393646913154903,
                    -0.09628093845340079,
                    0.07483069949462173
                ],
                [
                    0.10486422970165088,
                    -0.98998109363812,
                    -0.09455636244690253,
                    0.04787731480597011
                ],
                [
                    -0.10608972363511696,
                    0.08340201006996373,
                    -0.990852688519692,
                    -0.03954249228392172
                ],
                [
                    0.0,
                    0.0,
                    0.0,
                    1.0
                ]
            ]
        },
        {
            "file_path": "images/frame_00040.png",
            "depth_file_path": "depths/frame_00040.png",
            "normal_file_path": "normals_from_pretrain/frame_00040.png",
            "transform_matrix": [
                [
                    0.9918072022078737,
                    0.11024051000739953,
                    -0.06454102218140104,
                    0.06740178197638114
